0 0.335633 0.299238 0.015016 0.021646
0 0.353389 0.262805 0.014407 0.018902
0 0.353287 0.279726 0.009740 0.014329
0 0.369217 0.262043 0.010349 0.014939
0 0.382508 0.261128 0.009334 0.013110
0 0.396814 0.262043 0.010755 0.017378
0 0.409801 0.265244 0.011567 0.019512
0 0.423093 0.267226 0.014205 0.020427
0 0.350649 0.349543 0.010146 0.014329
0 0.361912 0.360518 0.009943 0.016768
0 0.438819 0.348018 0.027394 0.039939
0 0.453734 0.314482 0.026786 0.042988
0 0.468953 0.347409 0.028003 0.041159
0 0.485491 0.313415 0.026989 0.043293
0 0.443588 0.383232 0.013799 0.024390
0 0.393872 0.408537 0.010552 0.016463
0 0.394176 0.428049 0.012378 0.017073
0 0.529018 0.264177 0.024351 0.038110
0 0.528612 0.300305 0.025568 0.034146
0 0.528511 0.331860 0.026583 0.033232
0 0.504769 0.368140 0.024554 0.044817
0 0.529931 0.365854 0.024959 0.040244
0 0.528511 0.403201 0.029424 0.037500
0 0.507204 0.416921 0.010755 0.016159
0 0.575183 0.271951 0.014813 0.028049
0 0.558949 0.297409 0.014002 0.022866
0 0.575588 0.299238 0.013596 0.022866
0 0.593953 0.292226 0.020292 0.033232
0 0.615158 0.291921 0.016031 0.028963
0 0.633320 0.291311 0.016640 0.027744
0 0.652293 0.267988 0.018060 0.030488
0 0.422585 0.472256 0.011972 0.021951
0 0.446226 0.447409 0.010146 0.016159
0 0.457285 0.445884 0.009537 0.016768
0 0.469257 0.445274 0.010755 0.014329
0 0.507204 0.436738 0.009537 0.015549
0 0.520292 0.436128 0.013799 0.022256
0 0.516843 0.459756 0.007305 0.014024
0 0.533787 0.462957 0.014813 0.020427
0 0.515828 0.483384 0.007711 0.013720
0 0.526989 0.483232 0.006899 0.015244
0 0.560166 0.344360 0.014813 0.022256
0 0.560877 0.318902 0.015422 0.021341
0 0.447037 0.477591 0.009334 0.017988
0 0.439529 0.496799 0.010146 0.013110
0 0.440239 0.516616 0.010349 0.015549
0 0.352476 0.553049 0.010146 0.016463
0 0.364347 0.563415 0.011567 0.017073
0 0.670455 0.260213 0.010146 0.017378
0 0.670353 0.282012 0.009537 0.015854
0 0.687601 0.284756 0.016843 0.028659
0 0.708908 0.255488 0.015625 0.022561
0 0.707995 0.281707 0.016640 0.020732
0 0.707285 0.301372 0.014407 0.022256
0 0.601968 0.326067 0.014813 0.023476
0 0.622666 0.328811 0.018466 0.030183
0 0.641741 0.339482 0.011972 0.019817
0 0.657163 0.338262 0.016843 0.022256
0 0.671774 0.341006 0.012378 0.015549
0 0.682325 0.367683 0.016031 0.026220
0 0.664164 0.367835 0.015422 0.024085
0 0.644785 0.369512 0.017248 0.027439
0 0.625406 0.366159 0.017857 0.026220
0 0.605519 0.380793 0.012581 0.014634
0 0.581879 0.382012 0.014002 0.013415
0 0.580763 0.366616 0.010552 0.014329
0 0.651380 0.680945 0.011364 0.022256
0 0.651786 0.723018 0.010958 0.022256
0 0.608462 0.681098 0.010349 0.015854
0 0.607853 0.710213 0.010349 0.016768
0 0.593243 0.658079 0.013190 0.017988
0 0.593851 0.677591 0.011972 0.021037
0 0.594663 0.697409 0.013596 0.017988
0 0.594866 0.717835 0.014813 0.023476
0 0.598823 0.561890 0.010146 0.015854
0 0.532366 0.540549 0.011567 0.017683
0 0.543121 0.542530 0.009537 0.018598
0 0.531250 0.558232 0.012175 0.017683
0 0.554890 0.567683 0.016031 0.023780
0 0.554789 0.593293 0.019481 0.023780
0 0.535410 0.600915 0.013190 0.020122
0 0.539265 0.652134 0.017248 0.024390
0 0.526075 0.650152 0.011567 0.019207
0 0.473011 0.644817 0.017045 0.028049
0 0.452618 0.652896 0.014813 0.020427
0 0.446936 0.674085 0.011972 0.021341
0 0.447342 0.696799 0.012784 0.020427
0 0.425528 0.704116 0.010958 0.020427
0 0.413352 0.703201 0.011364 0.024085
0 0.401075 0.696646 0.013190 0.023171
0 0.387987 0.699695 0.009740 0.017073
0 0.377841 0.698628 0.008523 0.017378
0 0.460227 0.571646 0.008523 0.017683
0 0.377232 0.569055 0.012987 0.021646
0 0.387683 0.566159 0.010349 0.015244
0 0.405540 0.565854 0.011567 0.017073
0 0.405438 0.585061 0.012581 0.015244
0 0.358157 0.690701 0.010552 0.014939
