0 0.405743 0.279421 0.011567 0.014939
0 0.402496 0.308079 0.013190 0.014939
0 0.402902 0.323323 0.011567 0.014939
0 0.492390 0.284604 0.009131 0.016768
0 0.498681 0.268293 0.008726 0.015854
0 0.488231 0.305183 0.014205 0.019512
0 0.490057 0.322409 0.011364 0.014939
0 0.403409 0.342530 0.013393 0.019817
0 0.399249 0.362805 0.011972 0.018293
0 0.399148 0.378963 0.013393 0.018902
0 0.477476 0.348018 0.010958 0.017988
0 0.490361 0.347866 0.011567 0.018293
0 0.554282 0.373171 0.016031 0.023171
0 0.582082 0.329268 0.010755 0.015854
0 0.596185 0.328354 0.011769 0.016463
0 0.627029 0.278201 0.010552 0.015549
0 0.634639 0.263110 0.011161 0.015244
0 0.403815 0.408689 0.012987 0.017988
0 0.419744 0.410061 0.012378 0.017073
0 0.434558 0.420274 0.015219 0.022256
0 0.439225 0.449390 0.016031 0.025610
0 0.489144 0.431555 0.010755 0.015549
0 0.523640 0.398171 0.009131 0.014024
0 0.536729 0.398323 0.009334 0.012500
0 0.550933 0.409909 0.010552 0.014939
0 0.569095 0.406555 0.010349 0.014329
0 0.612723 0.400915 0.014407 0.020732
0 0.571226 0.424390 0.012581 0.015244
0 0.570921 0.442226 0.009943 0.013720
0 0.636871 0.392530 0.024554 0.044207
0 0.659091 0.417226 0.026380 0.040549
0 0.636972 0.439024 0.025974 0.038415
0 0.658584 0.465396 0.025771 0.039329
0 0.437399 0.526829 0.012784 0.017073
0 0.667411 0.240549 0.014610 0.021951
0 0.680296 0.265396 0.009131 0.015549
0 0.691254 0.266006 0.011161 0.021646
0 0.692370 0.290244 0.010552 0.012805
0 0.692167 0.309604 0.010958 0.013110
0 0.691964 0.330335 0.012987 0.016768
0 0.689935 0.351220 0.012987 0.017683
0 0.689732 0.368140 0.016234 0.017988
0 0.545353 0.513110 0.009943 0.012195
0 0.577313 0.498628 0.009334 0.013720
0 0.591213 0.498323 0.010349 0.014329
0 0.623580 0.494055 0.031250 0.041159
0 0.599939 0.533384 0.027394 0.046037
0 0.563413 0.512957 0.010755 0.012500
0 0.578734 0.517988 0.016234 0.020122
0 0.560674 0.537043 0.013799 0.021037
0 0.546469 0.528659 0.009334 0.014024
0 0.625507 0.531402 0.026177 0.039634
0 0.648539 0.530945 0.022321 0.034451
0 0.667715 0.529726 0.021307 0.033232
0 0.692066 0.528049 0.027800 0.032317
0 0.435369 0.550457 0.018466 0.024085
0 0.467837 0.542073 0.014407 0.019512
0 0.496449 0.537348 0.010349 0.016768
0 0.508320 0.537500 0.011769 0.015244
0 0.507102 0.554268 0.010958 0.014634
0 0.491579 0.571951 0.018060 0.025000
0 0.474736 0.572561 0.016031 0.027439
0 0.392756 0.634146 0.013190 0.021341
0 0.404931 0.634451 0.011567 0.018902
0 0.418730 0.632317 0.010349 0.018293
0 0.431006 0.631707 0.012581 0.017073
0 0.396916 0.652744 0.010552 0.013415
0 0.415077 0.653201 0.011567 0.014329
0 0.387581 0.719970 0.010958 0.015549
0 0.416092 0.719817 0.010349 0.015244
0 0.494521 0.637500 0.009740 0.015244
0 0.615057 0.610061 0.008929 0.014024
0 0.625000 0.609146 0.008523 0.016463
0 0.640016 0.576220 0.013393 0.020732
0 0.656250 0.578811 0.018263 0.025305
0 0.671976 0.574695 0.013596 0.019512
0 0.689123 0.598933 0.017045 0.025305
0 0.670049 0.599390 0.015828 0.020732
0 0.616173 0.647104 0.010349 0.018598
0 0.626420 0.675762 0.018263 0.025305
0 0.652090 0.638262 0.019278 0.026524
0 0.675223 0.626982 0.022524 0.033232
0 0.675731 0.659604 0.019481 0.025915
0 0.676238 0.686890 0.018872 0.025610
0 0.623985 0.704268 0.018263 0.026829
0 0.644278 0.698018 0.013393 0.020427
0 0.645901 0.722104 0.017045 0.025305
0 0.668121 0.717073 0.021713 0.031707
0 0.691964 0.714482 0.019075 0.026524
0 0.696834 0.742226 0.012175 0.013720
0 0.683036 0.742073 0.011769 0.014634
0 0.643263 0.744665 0.015016 0.019817
0 0.624899 0.732774 0.018872 0.025915
0 0.625913 0.760366 0.018466 0.025610
0 0.679789 0.768140 0.017451 0.025915
0 0.670962 0.799543 0.012784 0.021037
0 0.685166 0.799848 0.014002 0.020427
0 0.699168 0.800000 0.015219 0.022561
