0 0.409395 0.261280 0.010349 0.015854
0 0.408584 0.302744 0.009943 0.015854
0 0.454140 0.275457 0.010552 0.014939
0 0.466619 0.268598 0.013190 0.017683
0 0.466619 0.288567 0.011972 0.016159
0 0.453024 0.303201 0.010349 0.015549
0 0.467431 0.307774 0.013190 0.019207
0 0.467025 0.326829 0.012784 0.017073
0 0.462662 0.421951 0.009334 0.014024
0 0.522321 0.333841 0.016234 0.026220
0 0.535714 0.337043 0.010552 0.018598
0 0.589083 0.342073 0.017045 0.026829
0 0.608969 0.333841 0.014205 0.020732
0 0.615260 0.313415 0.011769 0.020122
0 0.614854 0.291921 0.010958 0.018598
0 0.506798 0.392530 0.015625 0.026524
0 0.526583 0.383689 0.012581 0.021646
0 0.506088 0.417683 0.019481 0.025000
0 0.529119 0.425915 0.010349 0.016463
0 0.516843 0.443140 0.009334 0.014939
0 0.528206 0.444970 0.010958 0.018598
0 0.600142 0.416311 0.009943 0.014939
0 0.534091 0.501982 0.010146 0.016159
0 0.544136 0.501372 0.007914 0.013110
0 0.527192 0.522713 0.012987 0.017988
0 0.544338 0.526524 0.011567 0.016463
0 0.539976 0.550305 0.012987 0.021341
0 0.377942 0.617988 0.017248 0.026829
0 0.396713 0.617683 0.017045 0.026829
0 0.415179 0.616311 0.017045 0.027134
0 0.434963 0.619207 0.016031 0.026220
0 0.453226 0.604573 0.010349 0.014024
0 0.478795 0.604116 0.010755 0.014939
0 0.478998 0.618445 0.009537 0.013110
0 0.388393 0.643598 0.012581 0.015244
0 0.403713 0.648018 0.014407 0.024695
0 0.419136 0.644970 0.012784 0.020427
0 0.350852 0.683384 0.013393 0.020427
0 0.350446 0.705183 0.014205 0.021951
0 0.350548 0.728811 0.014407 0.023476
0 0.371652 0.698628 0.016437 0.025305
0 0.388393 0.703354 0.008929 0.015244
0 0.389407 0.726220 0.008929 0.017073
0 0.408381 0.718293 0.016437 0.026220
0 0.406351 0.682317 0.021307 0.036585
0 0.426238 0.694970 0.016843 0.027134
0 0.444196 0.694360 0.016234 0.025915
0 0.438920 0.654726 0.021916 0.038110
0 0.459619 0.657622 0.017451 0.027439
0 0.465808 0.694665 0.022119 0.035061
0 0.499188 0.641921 0.014205 0.021646
0 0.498580 0.666159 0.018669 0.023780
0 0.483766 0.687043 0.013799 0.021037
0 0.500913 0.689787 0.016031 0.019207
0 0.484476 0.715701 0.017248 0.026524
0 0.552963 0.548780 0.010552 0.015244
0 0.552963 0.569665 0.011364 0.016768
0 0.531250 0.581555 0.025974 0.040549
0 0.555905 0.616921 0.026583 0.041159
0 0.531250 0.619665 0.026380 0.038720
0 0.530946 0.653811 0.024148 0.030793
0 0.531554 0.684604 0.020901 0.033232
0 0.531250 0.721951 0.023133 0.034756
0 0.620942 0.469055 0.009740 0.016159
0 0.620333 0.491311 0.010146 0.017378
0 0.613535 0.509604 0.010755 0.016159
0 0.638900 0.516006 0.015219 0.021037
0 0.614955 0.537957 0.010755 0.014329
0 0.602881 0.541006 0.010146 0.015549
0 0.591315 0.541159 0.009334 0.014024
0 0.617593 0.602439 0.014002 0.018902
0 0.591416 0.638872 0.027394 0.039329
0 0.574777 0.673628 0.026989 0.041768
0 0.606331 0.671646 0.027192 0.040244
0 0.621449 0.639329 0.028206 0.042683
0 0.654424 0.401829 0.012987 0.018902
0 0.655438 0.422409 0.013393 0.017988
0 0.672687 0.421341 0.010958 0.017683
0 0.684253 0.419055 0.012581 0.022866
0 0.696631 0.424085 0.008929 0.017073
0 0.707386 0.435976 0.011364 0.017073
0 0.636161 0.283994 0.010958 0.015549
0 0.647321 0.283537 0.010958 0.015854
0 0.660410 0.291463 0.013596 0.019512
0 0.672890 0.290244 0.009334 0.017683
0 0.682224 0.290091 0.010146 0.016159
0 0.702821 0.295732 0.009131 0.015244
0 0.665584 0.557927 0.011769 0.017073
0 0.666092 0.579726 0.011567 0.016768
0 0.698052 0.626372 0.011364 0.019207
0 0.708604 0.637500 0.010146 0.015244
0 0.723214 0.687652 0.014205 0.021037
0 0.705662 0.707470 0.009537 0.013110
0 0.706270 0.725915 0.014407 0.021341
0 0.690239 0.726524 0.010755 0.016463
0 0.675933 0.725152 0.009740 0.014939
0 0.662033 0.724390 0.011567 0.015854
0 0.649858 0.721646 0.011161 0.019512
0 0.637683 0.720122 0.013596 0.020732
