0 0.311181 0.216006 0.018466 0.030793
0 0.326806 0.221037 0.014813 0.025610
0 0.326705 0.284756 0.019075 0.029268
0 0.335024 0.351067 0.018669 0.031402
0 0.314022 0.637957 0.017654 0.030793
0 0.332386 0.637805 0.016640 0.025610
0 0.351258 0.633079 0.015828 0.025915
0 0.370637 0.635671 0.018060 0.029268
0 0.387886 0.635823 0.016437 0.027744
0 0.404830 0.633841 0.019481 0.031707
0 0.424209 0.636585 0.020089 0.029268
0 0.404322 0.668902 0.021713 0.031707
0 0.405743 0.697866 0.020495 0.031707
0 0.347808 0.705640 0.023945 0.032622
0 0.450284 0.749848 0.013393 0.019207
0 0.488028 0.721646 0.014610 0.021951
0 0.484476 0.691311 0.022119 0.033841
0 0.485491 0.628354 0.018060 0.029878
0 0.463373 0.634299 0.018060 0.025915
0 0.446124 0.634604 0.017654 0.025915
0 0.575994 0.214634 0.015219 0.026220
0 0.572545 0.276067 0.014407 0.026524
0 0.587054 0.275305 0.015016 0.030488
0 0.601157 0.348933 0.019683 0.026524
0 0.601360 0.399085 0.016843 0.028049
0 0.500812 0.556707 0.017857 0.019512
0 0.532873 0.580640 0.011769 0.021037
0 0.543222 0.581098 0.010552 0.020732
0 0.554789 0.579421 0.012175 0.022256
0 0.565544 0.580183 0.011364 0.021341
0 0.613535 0.236890 0.018060 0.026829
0 0.632711 0.265091 0.021510 0.031402
0 0.633320 0.296037 0.021510 0.032317
0 0.625406 0.364939 0.018669 0.027439
0 0.634233 0.452744 0.019683 0.029268
0 0.635146 0.475915 0.012987 0.021951
0 0.633929 0.526982 0.011769 0.017988
0 0.667918 0.471341 0.011161 0.020732
0 0.670049 0.532927 0.012581 0.019512
0 0.708300 0.472104 0.012784 0.020427
0 0.704545 0.420427 0.016640 0.021951
0 0.705459 0.529116 0.010755 0.019207
0 0.744318 0.675000 0.011769 0.019512
0 0.747362 0.661128 0.013393 0.019817
0 0.812804 0.710061 0.015219 0.020732
0 0.812500 0.724848 0.014610 0.019207
0 0.744724 0.531098 0.012581 0.020122
0 0.806311 0.516921 0.014002 0.019817
0 0.798093 0.376220 0.017857 0.025610
0 0.773539 0.299543 0.017857 0.025915
