0 0.731737 0.186128 0.023539 0.028354
0 0.734984 0.207774 0.018669 0.025305
0 0.738636 0.243445 0.018263 0.029573
0 0.672585 0.348933 0.018060 0.035061
0 0.647017 0.428201 0.014407 0.024085
0 0.658888 0.475000 0.016640 0.037805
0 0.661019 0.505945 0.013190 0.041159
0 0.610187 0.524695 0.022321 0.022561
0 0.678876 0.591006 0.026177 0.024695
0 0.675933 0.615854 0.026380 0.026220
0 0.665381 0.762195 0.017451 0.041463
0 0.657569 0.779726 0.021307 0.039329
0 0.536323 0.761433 0.014205 0.028963
0 0.540077 0.778201 0.017248 0.033232
0 0.440645 0.476829 0.020901 0.034756
0 0.449980 0.501067 0.021307 0.024085
0 0.531453 0.471189 0.015016 0.024085
0 0.558137 0.502744 0.023742 0.033537
0 0.625913 0.431402 0.022524 0.037805
0 0.550832 0.432165 0.022119 0.036280
0 0.597808 0.431402 0.024351 0.036585
0 0.513900 0.408537 0.021307 0.037805
0 0.500203 0.417530 0.010958 0.022256
0 0.488535 0.412043 0.016437 0.022256
0 0.497362 0.395427 0.009334 0.021951
0 0.486303 0.390244 0.013596 0.021341
0 0.459720 0.370427 0.014813 0.021341
0 0.474533 0.370122 0.014407 0.023780
