0 0.312399 0.142988 0.014813 0.018902
0 0.310572 0.159909 0.017248 0.021646
0 0.380580 0.196037 0.013596 0.019512
0 0.376826 0.210976 0.013799 0.023171
0 0.316051 0.354268 0.014407 0.021951
0 0.377841 0.341159 0.013393 0.023171
0 0.417005 0.343445 0.014205 0.022866
0 0.321429 0.495579 0.019886 0.028354
0 0.415483 0.454573 0.016843 0.026829
0 0.344968 0.571646 0.019481 0.032317
0 0.453125 0.341768 0.013799 0.023171
0 0.487216 0.349543 0.014205 0.022866
0 0.412845 0.402591 0.011972 0.021037
0 0.452922 0.402439 0.012175 0.020732
0 0.485187 0.398628 0.012581 0.018598
0 0.546571 0.601372 0.014002 0.028354
0 0.542106 0.664177 0.015219 0.022866
0 0.790889 0.664482 0.015625 0.025305
0 0.817573 0.665854 0.012581 0.018902
0 0.805601 0.668598 0.018669 0.028659
0 0.791396 0.601524 0.017857 0.025610
0 0.785106 0.535976 0.020698 0.029878
0 0.809659 0.248628 0.019886 0.028354
0 0.792309 0.249085 0.016843 0.034756
0 0.774046 0.247866 0.018466 0.033537
0 0.754566 0.246189 0.019278 0.036280
0 0.736303 0.246646 0.016437 0.031098
0 0.721591 0.247866 0.017857 0.032317
0 0.700690 0.246799 0.024351 0.028963
0 0.677760 0.245884 0.017857 0.031402
0 0.659091 0.246189 0.019886 0.028963
0 0.638799 0.250457 0.017045 0.032012
0 0.622666 0.323933 0.016843 0.021037
0 0.590808 0.298018 0.011161 0.022866
0 0.580560 0.298018 0.010552 0.021037
0 0.569399 0.298780 0.012175 0.023171
0 0.558137 0.296951 0.011972 0.021951
0 0.641538 0.186890 0.022119 0.037195
0 0.637480 0.159604 0.014407 0.025915
0 0.675933 0.132317 0.010552 0.020732
0 0.720069 0.183384 0.023742 0.030183
0 0.720881 0.212348 0.021713 0.031402
0 0.777496 0.177591 0.022119 0.033841
0 0.487216 0.422713 0.017451 0.028354
0 0.494217 0.510518 0.016843 0.027134
0 0.518567 0.478049 0.016843 0.027439
0 0.518162 0.526372 0.016843 0.026524
0 0.486303 0.580488 0.023742 0.032317
0 0.486709 0.608384 0.020495 0.032012
0 0.533076 0.600305 0.015828 0.030488
0 0.503450 0.641616 0.016640 0.028963
