0 0.570211 0.116921 0.022321 0.029573
0 0.583604 0.128659 0.017045 0.024390
0 0.601562 0.155335 0.022524 0.030793
0 0.595576 0.294512 0.018263 0.031707
0 0.610085 0.381555 0.012784 0.019207
0 0.596185 0.404878 0.023539 0.034146
0 0.575284 0.431555 0.021104 0.033232
0 0.640726 0.405488 0.018060 0.037195
0 0.656859 0.431098 0.016640 0.039024
0 0.704241 0.475152 0.020495 0.039939
0 0.714996 0.497866 0.024959 0.039024
0 0.768364 0.616921 0.022119 0.038720
0 0.770901 0.644817 0.025162 0.029268
0 0.679485 0.753811 0.015219 0.033232
0 0.670657 0.743598 0.012987 0.028659
0 0.491274 0.628963 0.019886 0.029878
0 0.474939 0.621037 0.022930 0.032317
0 0.443994 0.519512 0.012987 0.023171
0 0.454343 0.505945 0.015016 0.018598
0 0.471489 0.509909 0.015219 0.021646
0 0.482244 0.503201 0.010349 0.016768
0 0.483563 0.525000 0.013393 0.019512
0 0.494825 0.516463 0.015219 0.019512
0 0.500101 0.495884 0.022524 0.035061
0 0.540584 0.479116 0.021916 0.032622
0 0.541903 0.527134 0.012784 0.018902
0 0.576400 0.527439 0.020089 0.035976
