0 0.442573 0.314634 0.022727 0.034756
0 0.438616 0.340396 0.018060 0.031402
0 0.509639 0.262043 0.013596 0.022866
0 0.518060 0.277896 0.011769 0.019207
0 0.517248 0.304573 0.013799 0.017683
0 0.521104 0.318598 0.011769 0.019512
0 0.527699 0.344665 0.018466 0.037500
0 0.508015 0.320122 0.013190 0.021341
0 0.511972 0.339177 0.012581 0.023476
0 0.508421 0.409756 0.015219 0.021341
0 0.540483 0.402591 0.020901 0.035061
0 0.510552 0.459756 0.021510 0.034146
0 0.574371 0.455183 0.020495 0.035366
0 0.593141 0.483689 0.020698 0.033841
0 0.609172 0.505183 0.012175 0.021951
0 0.537541 0.530945 0.022727 0.036280
0 0.593953 0.551220 0.021510 0.032317
0 0.578226 0.574390 0.022524 0.032317
0 0.553470 0.649085 0.024148 0.041463
0 0.539468 0.664329 0.020495 0.042683
0 0.461343 0.753811 0.017654 0.045427
0 0.445211 0.759299 0.012987 0.040549
0 0.366985 0.630488 0.019278 0.023780
0 0.374493 0.616311 0.016437 0.021646
0 0.759030 0.476829 0.013596 0.035366
0 0.776177 0.446951 0.014610 0.033537
0 0.783685 0.431555 0.018263 0.035671
0 0.664773 0.478506 0.020698 0.032012
